4000
57 4333
732 4316
425 4027
633 4303
330 4228
304 4161
340 4184
485 4350
609 4225
761 4010
777 4106
55 4289
465 4295
233 4371
287 4080
656 4048
49 4048
532 4017
494 4302
697 4040
220 4249
402 4072
564 4169
474 4359
52 4164
577 4130
403 4302
451 4242
122 4005
320 4351
209 4092
679 4194
568 4229
276 4287
631 4341
220 4003
407 4083
71 4378
723 4080
573 4388
521 4222
611 4168
214 4058
616 4346
65 4044
124 4025
694 4353
129 4284
470 4006
740 4223
108 4359
621 4136
451 4313
52 4271
535 4213
343 4173
106 4326
138 4068
440 4182
686 4015
268 4179
69 4219
436 4008
741 4311
275 4041
555 4280
278 4222
722 4128
777 4292
516 4304
138 4288
623 4027
189 4278
284 4333
322 4233
636 4315
773 4116
68 4013
213 4248
219 4010
503 4103
114 4146
507 4384
51 4146
239 4140
188 4356
114 4377
558 4341
492 4244
737 4331
221 4060
283 4150
19 4293
161 4085
383 4091
716 4125
138 4359
64 4134
580 4086
249 4071
62 4216
519 4035
665 4135
700 4083
766 4329
738 4054
79 4295
786 4070
542 4287
643 4109
188 4103
352 4216
564 4019
446 4219
730 4120
428 4389
798 4050
715 4245
774 4307
640 4301
27 4141
391 4295
386 4226
778 4373
749 4378
531 4316
19 4037
190 4020
766 4289
19 4105
771 4334
403 4038
504 4336
208 4051
705 4325
578 4220
491 4360
119 4069
380 4325
331 4266
42 4014
504 4203
780 4269
367 4216
590 4218
40 4089
169 4128
503 4098
594 4379
287 4245
338 4005
523 4312
406 4098
571 4088
519 4152
156 4334
188 4082
795 4193
527 4359
795 4364
718 4054
453 4098
403 4085
95 4191
758 4315
32 4113
769 4283
323 4055
452 4306
186 4392
106 4386
709 4040
491 4240
195 4038
164 4218
457 4137
228 4317
689 4252
233 4214
52 4055
10 4184
410 4273
310 4318
497 4211
541 4305
29 4318
492 4060
783 4192
415 4142
185 4051
243 4047
545 4214
602 4295
276 4368
338 4139
221 4338
600 4298
118 4300
89 4183
510 4083
553 4151
651 4129
183 4158
482 4078
193 4021
741 4270
100 4335
492 4155
215 4011
631 4389
312 4172
227 4230
743 4168
571 4266
114 4078
497 4223
464 4140
365 4282
594 4320
645 4363
23 4173
622 4369
319 4351
274 4001
610 4131
258 4355
162 4113
398 4269
318 4379
178 4372
745 4283
435 4256
282 4168
107 4096
325 4137
225 4222
234 4333
317 4276
300 4090
634 4367
133 4117
189 4098
280 4113
69 4238
7 4251
707 4113
422 4102
76 4221
720 4098
268 4219
792 4323
477 4175
323 4175
569 4350
724 4263
397 4381
487 4137
78 4347
674 4310
752 4130
521 4272
245 4378
370 4390
611 4271
280 4003
665 4227
627 4372
66 4391
616 4169
747 4311
189 4269
722 4115
16 4265
736 4325
264 4294
633 4048
204 4338
272 4149
659 4389
704 4396
572 4356
505 4257
511 4005
696 4077
642 4196
410 4375
209 4261
114 4154
424 4172
601 4185
723 4378
101 4176
632 4040
94 4076
211 4393
364 4174
66 4330
85 4108
2 4126
646 4089
26 4136
175 4151
246 4343
180 4393
183 4169
130 4269
137 4025
191 4074
181 4347
772 4263
728 4187
303 4188
468 4272
628 4141
549 4390
437 4228
727 4172
114 4110
310 4107
706 4041
197 4137
642 4155
275 4221
141 4151
491 4195
557 4380
364 4034
240 4367
312 4365
479 4074
144 4343
460 4373
800 4026
426 4052
727 4265
449 4081
634 4260
609 4011
58 4300
631 4254
3 4120
126 4357
85 4360
440 4286
536 4360
574 4093
332 4215
84 4244
671 4152
63 4306
643 4312
507 4377
31 4258
265 4100
516 4287
550 4280
355 4066
546 4186
477 4003
303 4097
507 4010
440 4110
767 4255
116 4378
91 4079
507 4190
481 4370
120 4137
186 4154
64 4045
667 4126
194 4235
52 4009
607 4385
171 4060
604 4065
425 4043
693 4227
627 4135
405 4254
284 4135
323 4227
312 4205
799 4282
468 4342
686 4305
709 4113
562 4305
31 4132
157 4036
583 4075
327 4229
522 4019
510 4182
398 4311
574 4328
202 4056
610 4390
562 4178
633 4275
374 4348
700 4389
556 4064
799 4386
426 4284
101 4250
408 4184
697 4245
230 4201
123 4303
122 4390
152 4336
429 4073
414 4257
502 4296
781 4124
134 4309
401 4243
438 4082
688 4052
574 4121
703 4396
360 4107
410 4377
645 4391
787 4244
318 4237
11 4159
685 4196
511 4059
684 4025
580 4286
14 4057
374 4339
333 4256
686 4289
676 4067
114 4273
734 4315
273 4170
431 4227
15 4127
322 4100
126 4188
50 4031
366 4029
380 4347
70 4224
373 4399
595 4139
536 4194
192 4097
163 4113
679 4209
643 4338
263 4175
748 4214
279 4263
653 4083
217 4160
708 4259
435 4222
174 4199
634 4282
674 4145
527 4341
223 4128
111 4314
98 4061
166 4324
541 4086
67 4161
324 4296
306 4229
713 4306
678 4289
107 4360
565 4358
267 4037
297 4149
543 4037
563 4264
554 4370
323 4230
683 4173
565 4003
341 4191
14 4102
319 4289
680 4192
317 4345
139 4201
527 4085
124 4317
441 4237
154 4391
339 4292
614 4093
1 4223
547 4076
677 4154
95 4357
499 4343
336 4024
390 4072
546 4016
433 4127
208 4368
313 4292
242 4076
161 4327
278 4187
486 4294
721 4107
556 4241
375 4229
376 4076
458 4258
256 4277
208 4159
63 4166
168 4029
174 4269
734 4173
143 4235
637 4106
43 4122
580 4390
608 4099
444 4010
691 4366
713 4376
108 4282
255 4307
98 4320
246 4386
692 4195
705 4384
602 4203
636 4040
795 4211
517 4335
384 4159
45 4338
361 4194
334 4338
94 4127
798 4317
233 4286
37 4335
66 4385
140 4393
267 4151
438 4096
798 4385
211 4377
675 4148
115 4260
294 4126
568 4374
265 4076
335 4188
502 4267
417 4364
375 4302
516 4030
745 4400
119 4316
110 4362
303 4342
290 4023
363 4232
529 4149
654 4400
135 4399
782 4091
776 4009
617 4383
33 4092
56 4238
94 4083
230 4313
638 4021
322 4035
771 4228
530 4392
655 4308
299 4302
396 4384
415 4139
586 4170
695 4087
46 4225
65 4275
456 4120
779 4074
710 4117
369 4263
360 4215
659 4007
372 4348
74 4048
619 4257
572 4259
379 4091
238 4254
502 4054
154 4244
259 4396
66 4145
756 4024
259 4217
216 4028
717 4288
49 4176
82 4368
264 4363
477 4038
255 4134
5 4221
520 4383
450 4016
693 4220
416 4090
368 4194
689 4368
363 4132
40 4289
762 4079
515 4125
352 4214
584 4132
295 4313
372 4048
724 4027
399 4150
122 4004
36 4361
718 4388
144 4256
219 4394
665 4248
663 4356
641 4028
437 4136
794 4037
701 4258
765 4157
281 4078
118 4264
497 4344
258 4053
153 4338
507 4017
713 4166
307 4126
429 4077
512 4082
382 4064
55 4146
562 4029
444 4352
175 4059
632 4146
38 4369
364 4134
61 4341
261 4051
717 4337
464 4273
334 4346
16 4124
47 4259
110 4197
170 4207
81 4265
151 4199
142 4022
672 4123
65 4316
246 4140
349 4160
322 4233
64 4039
382 4056
299 4048
453 4376
624 4323
583 4292
492 4313
386 4090
728 4091
558 4317
58 4032
535 4105
322 4257
17 4309
370 4080
199 4317
60 4025
212 4256
691 4055
54 4055
155 4169
319 4264
418 4247
110 4041
275 4304
797 4265
488 4357
60 4380
96 4044
63 4101
114 4157
628 4281
385 4129
407 4129
80 4269
73 4336
376 4393
798 4134
535 4309
534 4372
747 4094
750 4385
448 4270
56 4013
326 4322
360 4276
326 4016
593 4197
214 4184
431 4211
331 4090
262 4027
559 4328
427 4231
52 4206
34 4147
40 4335
264 4062
713 4002
81 4052
186 4189
21 4297
374 4176
294 4120
196 4165
549 4333
396 4118
85 4384
586 4128
720 4387
64 4167
634 4317
721 4106
787 4217
715 4217
176 4200
228 4148
716 4398
617 4085
379 4300
722 4160
255 4169
218 4010
127 4022
110 4152
116 4002
260 4026
6 4156
302 4168
695 4071
111 4203
797 4179
77 4383
790 4313
71 4183
248 4263
457 4034
679 4093
702 4221
682 4039
262 4009
287 4348
520 4302
142 4086
169 4192
732 4051
349 4145
417 4299
733 4023
380 4051
346 4111
645 4098
273 4098
611 4114
672 4199
799 4153
407 4346
441 4264
243 4316
378 4020
711 4394
10 4387
764 4322
290 4153
667 4275
292 4052
136 4164
202 4341
113 4040
413 4048
742 4353
39 4037
460 4227
682 4064
589 4010
434 4253
531 4302
137 4177
53 4006
554 4357
560 4123
632 4196
697 4239
495 4247
498 4093
475 4079
155 4322
648 4147
235 4092
314 4058
511 4162
415 4139
499 4357
385 4355
367 4070
191 4279
99 4296
767 4330
342 4054
285 4098
187 4104
423 4326
741 4338
652 4330
157 4094
306 4399
49 4140
103 4212
495 4006
730 4162
115 4073
107 4374
413 4369
768 4176
6 4227
282 4220
148 4161
744 4046
621 4330
26 4116
457 4128
760 4007
266 4206
499 4065
208 4314
476 4037
232 4375
149 4284
37 4094
101 4220
18 4238
144 4366
423 4065
261 4399
474 4385
761 4023
407 4171
309 4169
787 4354
588 4106
734 4119
496 4262
407 4297
517 4367
612 4135
469 4087
194 4221
677 4304
26 4095
360 4049
469 4287
467 4188
657 4373
753 4014
756 4336
632 4199
640 4376
92 4347
456 4085
258 4072
290 4069
568 4137
541 4282
739 4058
181 4243
696 4028
165 4349
463 4235
188 4168
725 4239
244 4366
481 4128
703 4210
234 4013
482 4150
470 4399
294 4079
630 4169
428 4381
400 4371
417 4277
253 4072
115 4209
757 4108
99 4332
455 4274
443 4390
398 4092
706 4399
288 4180
749 4193
168 4235
89 4334
87 4017
374 4140
150 4004
70 4110
383 4220
358 4006
333 4070
556 4215
273 4287
274 4176
359 4084
274 4293
456 4072
179 4016
544 4054
546 4041
67 4119
260 4113
156 4309
587 4069
134 4081
327 4065
63 4371
767 4019
474 4288
545 4258
659 4112
470 4127
104 4049
345 4346
710 4214
10 4056
130 4180
157 4211
106 4286
216 4355
123 4367
510 4012
499 4313
549 4088
585 4315
687 4262
476 4104
535 4338
330 4342
618 4136
259 4196
536 4243
540 4112
394 4379
232 4391
55 4351
196 4126
722 4334
305 4353
294 4140
200 4282
325 4211
201 4276
413 4184
565 4016
620 4336
797 4232
149 4147
154 4226
787 4384
318 4232
398 4081
234 4310
364 4111
2 4067
329 4313
446 4035
170 4290
642 4395
559 4361
337 4375
103 4060
285 4042
584 4159
130 4276
447 4090
564 4104
421 4385
117 4174
499 4152
652 4150
695 4214
179 4095
263 4073
623 4119
565 4347
709 4259
4 4180
395 4097
250 4175
61 4044
407 4289
50 4256
5 4344
622 4207
144 4160
504 4020
567 4236
623 4245
132 4371
248 4318
600 4296
443 4044
523 4094
16 4390
563 4044
468 4387
290 4270
640 4088
405 4285
59 4273
42 4400
655 4275
402 4210
602 4015
360 4149
742 4057
640 4007
730 4009
611 4068
50 4065
410 4189
141 4065
745 4280
646 4088
382 4280
38 4268
458 4398
215 4140
656 4384
668 4195
59 4105
703 4047
501 4193
363 4035
181 4158
187 4122
24 4074
434 4174
307 4232
397 4264
40 4146
565 4360
152 4244
314 4087
632 4046
509 4282
262 4262
588 4026
670 4140
532 4210
168 4114
561 4345
340 4284
266 4177
9 4292
635 4175
122 4178
50 4316
667 4186
94 4347
402 4101
613 4012
561 4372
598 4176
579 4018
62 4254
133 4154
190 4006
471 4106
188 4212
435 4198
121 4070
445 4016
132 4113
411 4134
749 4066
615 4060
796 4321
35 4316
515 4042
365 4139
273 4127
723 4382
41 4360
200 4044
722 4381
696 4310
464 4181
600 4276
115 4128
577 4162
686 4178
95 4315
11 4048
293 4069
541 4048
708 4126
21 4220
315 4036
730 4120
656 4011
147 4261
192 4282
518 4196
20 4023
103 4271
21 4069
361 4004
737 4203
504 4003
94 4135
554 4074
559 4179
627 4303
5 4214
88 4350
471 4334
615 4196
149 4300
293 4187
345 4096
231 4326
383 4152
550 4352
278 4371
460 4032
727 4011
788 4288
310 4178
241 4206
216 4075
429 4034
484 4381
406 4033
380 4244
276 4146
718 4248
605 4047
197 4066
236 4382
230 4012
592 4384
536 4024
321 4073
163 4084
217 4034
92 4108
416 4108
512 4400
168 4358
160 4216
602 4320
795 4310
689 4288
690 4363
261 4373
408 4028
747 4379
456 4294
283 4238
92 4096
369 4163
507 4160
761 4227
242 4320
645 4089
518 4290
161 4142
105 4354
617 4242
108 4123
377 4126
340 4205
68 4104
144 4238
617 4039
9 4030
515 4168
282 4207
224 4304
3 4244
117 4051
409 4025
720 4196
448 4036
654 4237
91 4187
750 4162
291 4166
37 4321
183 4198
83 4092
307 4278
438 4331
708 4289
381 4299
698 4389
160 4204
543 4150
431 4122
199 4053
232 4105
169 4290
333 4183
269 4384
661 4220
614 4217
289 4325
578 4177
82 4066
255 4207
25 4364
672 4345
719 4011
288 4080
326 4311
743 4348
415 4382
795 4265
190 4117
185 4210
347 4370
100 4124
795 4025
61 4375
94 4294
723 4288
762 4267
541 4090
232 4106
6 4031
221 4309
103 4242
764 4371
348 4134
73 4246
464 4004
641 4171
762 4249
73 4130
332 4366
388 4207
137 4220
649 4095
696 4304
276 4191
342 4379
348 4346
176 4333
773 4081
561 4019
311 4064
633 4239
782 4127
79 4215
179 4198
376 4288
107 4260
9 4156
559 4194
505 4049
124 4371
474 4029
619 4207
234 4199
772 4288
261 4104
750 4092
93 4265
106 4245
652 4174
417 4206
585 4356
59 4319
442 4375
178 4090
105 4199
646 4158
666 4044
498 4364
188 4296
383 4376
30 4027
120 4002
355 4013
221 4070
377 4071
476 4385
359 4067
188 4182
101 4117
412 4064
112 4106
348 4328
638 4353
730 4072
558 4022
800 4225
676 4230
699 4218
404 4288
463 4251
701 4313
522 4153
537 4323
534 4050
401 4383
211 4251
277 4032
133 4264
269 4274
73 4077
106 4091
45 4290
128 4113
513 4252
696 4076
201 4234
33 4205
308 4012
263 4110
338 4363
487 4172
577 4341
97 4051
168 4120
495 4393
104 4209
629 4190
176 4197
442 4066
337 4367
630 4008
337 4075
204 4041
3 4355
730 4092
470 4329
526 4340
461 4340
508 4283
623 4014
77 4222
384 4317
506 4056
48 4336
729 4115
530 4317
279 4124
272 4264
71 4247
253 4390
730 4340
203 4291
207 4176
126 4241
749 4190
65 4339
367 4231
183 4105
415 4368
213 4204
326 4075
334 4236
354 4177
271 4359
345 4079
492 4381
398 4238
442 4066
178 4359
190 4228
572 4150
358 4222
604 4254
759 4397
780 4014
359 4400
392 4227
268 4117
576 4366
500 4225
331 4247
534 4112
478 4018
585 4271
446 4065
116 4165
402 4314
134 4329
221 4123
551 4400
298 4299
238 4262
712 4242
340 4367
440 4299
424 4126
421 4297
741 4182
20 4121
738 4159
572 4167
616 4140
503 4115
489 4394
441 4292
78 4379
673 4301
466 4260
493 4288
270 4020
147 4065
372 4198
302 4332
160 4184
182 4266
331 4189
243 4127
386 4160
178 4295
87 4187
345 4179
246 4182
248 4046
27 4371
800 4198
226 4090
505 4327
639 4081
47 4153
783 4158
428 4349
366 4288
236 4307
202 4251
76 4177
24 4114
100 4367
38 4313
343 4006
337 4107
489 4058
760 4314
465 4229
752 4182
591 4119
154 4368
63 4347
274 4383
718 4331
424 4259
780 4358
724 4119
771 4161
422 4124
616 4092
476 4116
207 4390
408 4316
515 4260
273 4014
55 4286
233 4294
566 4346
350 4211
450 4046
229 4048
219 4384
116 4116
510 4032
382 4327
432 4200
325 4150
91 4210
650 4104
121 4187
393 4226
686 4071
260 4039
27 4181
60 4308
111 4132
71 4076
161 4342
190 4256
156 4244
150 4113
602 4098
530 4296
500 4357
55 4006
152 4354
704 4231
157 4184
691 4125
435 4225
531 4346
542 4293
759 4110
613 4400
603 4354
678 4021
374 4067
236 4003
300 4179
355 4135
101 4205
555 4017
30 4056
363 4267
766 4158
328 4200
491 4301
407 4298
382 4077
591 4071
180 4371
99 4220
550 4389
558 4242
316 4127
463 4176
254 4038
216 4177
491 4124
321 4088
173 4099
546 4273
364 4084
193 4010
642 4290
585 4242
175 4363
700 4288
591 4399
329 4055
616 4036
257 4041
456 4057
359 4313
143 4026
743 4342
616 4131
73 4357
446 4281
645 4285
429 4213
56 4217
310 4194
152 4201
759 4105
453 4123
378 4010
161 4217
237 4206
321 4082
274 4027
228 4285
280 4120
163 4170
425 4242
266 4076
709 4398
711 4341
336 4127
352 4032
263 4234
137 4309
441 4248
790 4120
339 4013
174 4019
636 4263
33 4005
67 4120
283 4283
725 4088
313 4062
468 4148
27 4205
740 4267
219 4380
264 4267
702 4253
44 4360
712 4126
324 4157
501 4004
181 4102
741 4215
626 4204
535 4205
203 4210
505 4219
641 4289
223 4377
540 4383
562 4006
736 4037
171 4172
93 4288
161 4244
231 4007
191 4029
326 4383
57 4090
526 4300
32 4362
177 4074
115 4316
339 4331
57 4273
287 4385
685 4132
569 4397
409 4360
659 4345
550 4306
483 4084
339 4263
21 4284
676 4166
413 4288
157 4121
336 4006
207 4152
500 4171
529 4318
661 4249
275 4144
537 4254
624 4396
278 4315
162 4174
322 4361
282 4121
780 4051
687 4276
553 4032
438 4162
433 4143
372 4151
299 4393
49 4247
678 4257
685 4385
362 4335
759 4093
718 4381
59 4370
267 4065
699 4027
785 4365
98 4011
25 4019
277 4078
218 4157
587 4001
768 4268
94 4277
218 4159
418 4064
147 4183
502 4053
547 4168
601 4181
358 4211
607 4022
782 4114
580 4227
789 4322
512 4068
277 4152
187 4319
219 4318
322 4399
793 4045
539 4148
379 4399
150 4347
797 4069
37 4320
411 4262
397 4385
649 4217
221 4004
324 4133
191 4316
489 4007
237 4248
644 4021
229 4253
683 4369
768 4101
460 4303
703 4231
68 4010
39 4393
530 4275
239 4276
332 4236
375 4023
624 4132
571 4079
637 4036
584 4293
355 4138
783 4119
696 4291
216 4348
141 4031
536 4002
193 4191
70 4203
532 4386
234 4136
574 4097
311 4355
64 4183
379 4227
571 4021
405 4220
609 4053
294 4294
745 4109
651 4240
422 4310
266 4035
698 4046
682 4315
583 4091
200 4212
582 4033
296 4065
700 4037
457 4179
266 4083
731 4391
580 4301
181 4081
68 4389
66 4393
319 4286
284 4387
248 4013
157 4387
532 4133
625 4400
366 4244
16 4216
108 4168
42 4356
338 4278
387 4030
725 4172
2 4064
274 4069
645 4015
128 4253
87 4120
36 4102
325 4106
644 4378
237 4372
765 4369
215 4064
376 4230
456 4368
27 4197
85 4152
317 4040
22 4108
604 4051
27 4379
466 4300
579 4380
324 4255
714 4120
797 4112
2 4313
187 4114
198 4193
9 4104
523 4094
13 4138
696 4205
674 4202
248 4348
360 4248
45 4180
59 4195
39 4391
770 4352
373 4006
488 4240
667 4118
400 4125
357 4116
325 4053
443 4231
336 4299
149 4261
270 4138
625 4072
384 4235
418 4146
452 4329
587 4015
132 4179
141 4235
494 4386
414 4196
676 4347
475 4176
597 4295
286 4082
204 4049
627 4057
455 4016
8 4009
43 4166
259 4334
341 4248
185 4366
468 4255
251 4207
310 4029
435 4329
320 4132
561 4205
674 4100
671 4167
457 4260
443 4255
631 4259
326 4166
304 4287
440 4191
567 4246
662 4268
601 4171
391 4283
743 4267
228 4016
330 4032
78 4036
722 4358
548 4046
336 4140
628 4082
580 4173
114 4295
473 4223
552 4030
720 4076
365 4287
219 4320
504 4150
619 4082
598 4030
107 4039
283 4060
495 4178
214 4160
775 4032
39 4055
536 4052
213 4261
13 4366
379 4321
778 4306
772 4337
641 4230
695 4328
713 4315
692 4093
620 4176
287 4397
319 4259
636 4228
279 4122
60 4024
314 4145
375 4071
692 4308
731 4034
427 4160
739 4073
21 4037
523 4393
777 4286
195 4068
499 4308
195 4096
780 4016
158 4178
585 4256
26 4364
178 4284
223 4181
406 4249
237 4296
541 4013
531 4400
446 4340
605 4386
19 4275
238 4363
42 4267
335 4364
604 4384
198 4387
259 4059
202 4380
40 4156
53 4119
219 4388
124 4300
39 4162
252 4396
132 4349
149 4042
559 4209
187 4267
311 4189
522 4041
537 4220
346 4238
271 4051
307 4271
260 4235
675 4198
395 4030
301 4261
593 4024
645 4056
495 4102
186 4026
133 4242
50 4379
36 4114
668 4160
42 4301
66 4331
83 4095
318 4029
718 4047
462 4105
494 4047
75 4395
418 4164
694 4345
552 4280
340 4025
93 4140
444 4307
343 4113
270 4312
759 4152
263 4307
697 4120
370 4142
206 4273
737 4073
44 4319
572 4375
452 4241
761 4281
149 4362
556 4127
671 4360
193 4075
794 4035
552 4089
616 4392
784 4253
8 4327
120 4363
300 4009
194 4076
206 4390
712 4303
510 4230
243 4223
767 4038
138 4212
787 4046
360 4348
148 4128
562 4171
453 4019
583 4369
680 4386
152 4235
689 4111
633 4140
634 4043
537 4046
792 4090
783 4307
751 4258
181 4257
770 4325
250 4206
461 4208
370 4007
694 4259
785 4295
641 4001
505 4231
547 4250
495 4065
89 4200
212 4361
379 4070
627 4318
747 4216
470 4365
370 4215
574 4103
525 4331
371 4100
643 4350
760 4056
251 4318
675 4085
363 4083
364 4161
628 4147
195 4202
333 4306
295 4215
764 4238
213 4032
780 4282
253 4273
28 4120
251 4155
756 4221
548 4283
638 4080
351 4159
242 4259
727 4086
337 4245
302 4152
567 4150
52 4102
11 4221
376 4355
217 4183
479 4163
226 4337
787 4131
338 4151
701 4121
626 4270
309 4045
702 4271
217 4008
538 4389
669 4187
577 4346
66 4164
31 4300
650 4253
671 4358
619 4229
71 4044
578 4052
739 4278
105 4025
639 4241
620 4261
249 4242
569 4237
118 4045
759 4012
372 4117
312 4296
63 4245
49 4374
456 4302
713 4240
83 4210
16 4006
528 4384
627 4163
269 4081
77 4353
330 4275
128 4335
428 4115
292 4226
278 4080
511 4170
181 4030
310 4199
795 4297
610 4043
14 4202
615 4274
290 4047
1 4047
36 4181
128 4296
280 4393
181 4102
454 4336
77 4325
304 4068
318 4371
456 4096
96 4199
64 4109
734 4063
449 4030
748 4095
223 4024
476 4166
429 4103
748 4195
749 4141
385 4152
11 4284
250 4030
75 4198
766 4362
192 4259
760 4206
318 4195
580 4034
402 4036
10 4341
209 4230
235 4191
302 4013
601 4313
336 4183
76 4143
483 4335
402 4292
462 4113
294 4183
325 4367
645 4117
799 4259
285 4206
491 4166
423 4109
478 4096
438 4098
272 4176
144 4242
553 4303
125 4146
118 4273
414 4191
320 4172
383 4018
223 4139
16 4322
394 4197
592 4139
626 4234
395 4125
112 4077
487 4248
60 4264
121 4071
96 4205
381 4010
428 4313
325 4200
555 4254
753 4068
22 4065
800 4272
7 4352
454 4367
625 4360
63 4112
238 4310
420 4008
281 4285
635 4046
477 4344
499 4093
493 4176
432 4054
86 4256
163 4004
754 4103
446 4180
158 4029
263 4308
462 4202
619 4283
768 4324
85 4394
750 4183
415 4082
424 4297
8 4101
225 4286
390 4049
681 4234
318 4315
251 4182
658 4120
247 4245
218 4290
19 4214
310 4184
526 4060
707 4231
485 4237
76 4280
745 4328
579 4250
368 4203
144 4210
524 4324
457 4031
377 4166
99 4195
26 4238
392 4047
103 4230
777 4254
256 4153
245 4022
197 4296
363 4042
168 4285
653 4099
131 4159
694 4223
583 4117
333 4394
564 4158
58 4269
496 4336
632 4133
658 4176
651 4358
350 4353
373 4383
502 4016
740 4063
398 4272
749 4088
256 4049
767 4003
706 4295
433 4228
341 4296
510 4335
703 4085
627 4107
155 4157
421 4327
112 4334
232 4074
607 4285
62 4031
193 4008
460 4001
17 4347
212 4291
357 4352
190 4164
66 4154
792 4112
112 4115
672 4042
140 4308
63 4281
734 4150
440 4032
394 4295
577 4131
490 4207
50 4199
220 4291
636 4393
184 4041
508 4210
69 4109
495 4249
172 4179
168 4057
748 4239
480 4372
784 4082
557 4008
638 4309
790 4242
178 4059
358 4321
171 4322
672 4172
483 4234
434 4390
740 4377
268 4288
409 4318
594 4112
419 4292
464 4081
686 4393
15 4395
547 4160
229 4004
127 4181
433 4087
772 4319
71 4356
398 4186
584 4104
41 4005
87 4335
769 4185
231 4215
90 4316
569 4215
673 4133
484 4400
130 4017
245 4354
123 4308
26 4194
529 4100
282 4266
290 4243
456 4097
59 4251
247 4189
778 4063
239 4119
695 4127
32 4174
431 4140
183 4207
225 4317
15 4355
333 4162
266 4313
376 4215
608 4053
133 4267
279 4393
417 4369
436 4211
478 4246
49 4119
771 4245
720 4159
161 4072
430 4208
105 4303
539 4063
508 4149
457 4164
483 4385
706 4093
289 4043
800 4390
773 4352
535 4056
196 4088
566 4224
550 4293
686 4225
512 4270
785 4348
674 4286
640 4335
146 4231
606 4379
281 4170
264 4059
28 4107
329 4370
110 4032
744 4308
36 4091
37 4120
201 4265
581 4060
82 4265
522 4010
405 4113
166 4282
630 4221
497 4167
770 4362
121 4086
576 4115
58 4388
452 4105
559 4080
390 4312
615 4105
754 4055
603 4313
385 4208
478 4322
296 4369
790 4248
656 4386
587 4079
614 4329
510 4102
435 4010
348 4149
47 4210
626 4211
594 4262
227 4155
107 4264
216 4159
84 4298
440 4061
453 4310
408 4337
104 4381
308 4348
77 4334
254 4164
63 4121
406 4332
215 4085
92 4069
336 4239
642 4356
90 4260
69 4102
659 4160
797 4146
338 4024
371 4014
134 4245
531 4085
255 4082
98 4391
427 4265
242 4161
772 4072
51 4350
552 4057
236 4142
297 4050
74 4343
101 4171
184 4105
89 4238
592 4374
626 4372
401 4242
676 4349
114 4295
479 4175
405 4140
766 4084
127 4279
162 4253
424 4256
191 4108
494 4041
724 4256
335 4251
1 4018
438 4306
372 4272
405 4219
101 4311
597 4253
355 4342
458 4150
13 4001
234 4375
230 4019
62 4019
131 4312
186 4052
551 4234
298 4303
337 4362
366 4056
212 4113
104 4361
456 4248
563 4031
703 4341
598 4118
26 4374
473 4087
476 4227
216 4030
543 4111
565 4224
390 4271
626 4157
563 4207
160 4307
507 4049
466 4323
598 4007
757 4264
91 4099
100 4148
715 4061
375 4221
396 4277
155 4169
250 4089
168 4006
697 4089
15 4125
238 4393
659 4328
527 4183
698 4337
88 4045
611 4173
31 4297
410 4089
394 4284
489 4115
607 4080
594 4125
444 4302
123 4269
680 4030
296 4296
458 4095
559 4289
729 4042
648 4252
212 4114
516 4216
787 4239
384 4300
605 4204
26 4369
603 4173
515 4097
781 4005
117 4014
92 4055
614 4069
15 4027
350 4085
450 4003
773 4187
660 4110
385 4240
607 4077
383 4021
558 4053
16 4173
298 4212
246 4333
181 4327
158 4271
603 4043
16 4221
101 4003
741 4172
176 4266
505 4246
286 4361
225 4221
684 4219
479 4269
227 4031
51 4017
786 4205
756 4121
732 4365
447 4330
366 4164
559 4007
308 4144
335 4271
45 4215
780 4342
444 4331
397 4264
128 4192
647 4171
454 4241
12 4085
509 4080
517 4398
586 4252
576 4311
350 4136
75 4395
325 4202
257 4261
607 4353
708 4098
85 4155
621 4104
132 4309
704 4135
478 4356
3 4351
562 4084
144 4243
264 4159
424 4093
337 4001
331 4065
574 4105
326 4150
528 4242
76 4050
528 4306
40 4133
705 4339
241 4010
402 4320
287 4057
216 4050
93 4048
412 4125
32 4020
529 4084
375 4306
744 4212
548 4074
359 4288
42 4079
55 4392
422 4376
637 4399
291 4027
332 4013
649 4202
665 4003
662 4350
783 4093
464 4292
772 4300
761 4085
588 4389
387 4266
396 4324
774 4176
17 4357
625 4248
34 4164
93 4226
371 4019
264 4315
380 4012
353 4196
458 4376
703 4277
564 4048
310 4018
624 4370
332 4349
455 4166
745 4045
326 4080
430 4029
119 4393
392 4391
687 4154
69 4019
649 4008
710 4378
83 4390
661 4400
519 4247
793 4194
638 4260
263 4348
64 4285
603 4334
766 4083
712 4160
227 4165
12 4355
680 4009
487 4266
744 4302
718 4201
340 4255
475 4349
231 4202
615 4316
380 4130
283 4174
767 4339
35 4204
545 4116
133 4008
48 4113
144 4125
518 4377
567 4168
449 4293
736 4312
307 4091
601 4338
379 4242
427 4232
500 4262
785 4107
460 4302
74 4158
279 4172
45 4269
581 4389
125 4254
434 4018
381 4102
668 4070
229 4239
794 4257
22 4281
587 4308
715 4335
45 4198
752 4251
719 4103
119 4013
9 4275
329 4103
746 4265
762 4141
722 4332
192 4267
449 4137
773 4055
80 4282
379 4313
767 4235
175 4360
462 4092
129 4039
368 4294
115 4095
445 4225
353 4095
7 4132
208 4194
15 4286
553 4096
729 4054
679 4375
605 4398
335 4171
575 4174
544 4123
65 4094
748 4134
215 4210
614 4110
796 4285
540 4060
548 4304
582 4101
241 4386
543 4348
586 4100
436 4359
744 4373
411 4182
83 4228
102 4385
333 4228
696 4257
717 4005
439 4210
303 4192
642 4007
233 4275
453 4095
129 4238
363 4007
253 4141
339 4016
571 4343
486 4034
483 4390
296 4048
474 4120
653 4126
280 4357
591 4321
604 4354
701 4039
542 4166
789 4119
5 4155
372 4025
443 4295
525 4328
125 4251
729 4279
311 4172
655 4099
368 4400
661 4087
290 4091
373 4085
173 4379
178 4388
171 4081
637 4229
295 4017
419 4043
618 4267
170 4057
279 4107
700 4398
56 4270
674 4095
55 4134
277 4116
17 4159
401 4086
680 4179
364 4214
633 4043
549 4258
558 4040
544 4132
756 4049
657 4379
367 4157
214 4398
652 4067
362 4078
375 4288
88 4011
783 4361
397 4218
727 4370
337 4006
686 4030
87 4085
449 4279
146 4060
383 4352
42 4245
494 4218
80 4047
316 4036
367 4231
504 4103
3 4038
418 4016
719 4091
385 4335
265 4347
339 4272
248 4230
426 4023
577 4219
309 4274
94 4383
60 4346
497 4042
785 4266
408 4082
579 4018
257 4189
276 4302
703 4224
621 4131
477 4013
721 4218
243 4365
144 4001
119 4266
125 4365
117 4337
33 4260
418 4310
273 4267
13 4104
638 4283
472 4214
588 4345
294 4082
101 4182
757 4213
334 4308
653 4099
123 4106
505 4353
639 4298
22 4292
614 4257
458 4235
646 4367
120 4384
18 4040
464 4331
370 4058
172 4104
592 4384
344 4378
372 4294
401 4159
82 4173
498 4022
738 4161
266 4079
433 4298
754 4034
150 4320
702 4018
488 4210
371 4147
750 4009
664 4010
790 4232
207 4372
170 4055
517 4378
607 4337
712 4147
496 4298
441 4042
588 4149
66 4114
683 4324
746 4279
550 4113
454 4135
776 4317
498 4369
95 4296
65 4252
183 4320
337 4139
650 4237
355 4031
432 4140
714 4366
509 4010
545 4083
556 4005
705 4054
470 4141
435 4126
8 4224
516 4019
467 4278
535 4169
517 4138
639 4330
25 4250
428 4371
682 4337
229 4018
558 4291
632 4238
97 4137
782 4007
383 4286
258 4080
758 4088
659 4218
634 4219
184 4003
187 4042
276 4223
149 4352
619 4021
167 4191
435 4174
262 4231
462 4137
50 4248
279 4147
616 4011
123 4117
186 4190
586 4398
93 4063
109 4162
129 4091
539 4067
70 4295
7 4304
685 4159
156 4091
748 4109
556 4175
71 4188
676 4161
571 4317
420 4358
700 4394
719 4102
34 4089
62 4015
159 4260
761 4253
500 4327
296 4265
453 4249
487 4032
10 4174
729 4197
104 4060
126 4313
575 4140
168 4378
324 4388
394 4154
82 4147
50 4161
477 4140
217 4086
488 4071
248 4314
535 4324
669 4277
71 4242
318 4117
637 4015
525 4116
124 4288
205 4217
731 4243
452 4018
630 4291
242 4225
163 4316
385 4148
40 4384
413 4154
716 4234
677 4082
587 4368
386 4006
110 4398
472 4088
378 4369
28 4076
743 4384
677 4375
564 4242
325 4294
281 4156
89 4033
638 4362
767 4017
522 4113
200 4016
382 4178
750 4369
611 4001
744 4064
97 4294
124 4218
466 4292
724 4080
310 4360
84 4216
744 4212
458 4213
688 4301
743 4296
667 4082
429 4054
744 4030
490 4364
644 4272
420 4321
441 4248
405 4267
450 4228
122 4069
386 4141
454 4335
246 4092
28 4038
232 4369
732 4246
645 4085
733 4125
625 4157
669 4385
762 4178
661 4181
298 4015
273 4040
1 4347
510 4255
514 4216
100 4324
364 4091
374 4302
44 4301
679 4115
466 4113
352 4092
513 4391
112 4184
331 4208
195 4179
28 4051
22 4152
533 4352
265 4261
445 4355
373 4014
691 4154
481 4212
198 4107
592 4216
488 4352
701 4139
161 4004
202 4039
736 4067
725 4259
151 4380
332 4211
584 4266
706 4223
762 4260
451 4165
369 4018
740 4321
765 4193
798 4220
689 4232
669 4322
215 4300
212 4296
578 4049
531 4046
356 4098
380 4354
1 4002
626 4021
451 4276
467 4370
688 4232
616 4156
249 4376
282 4327
724 4242
551 4378
428 4022
501 4355
503 4066
199 4107
329 4268
398 4044
648 4224
225 4016
127 4011
79 4044
54 4039
116 4157
418 4135
555 4033
665 4022
420 4122
681 4251
726 4014
9 4320
54 4322
656 4291
105 4041
773 4380
310 4375
438 4048
671 4299
589 4230
753 4045
576 4360
218 4195
200 4268
251 4346
788 4003
63 4035
543 4129
363 4316
255 4207
181 4033
672 4110
762 4083
464 4205
714 4376
732 4252
647 4114
123 4369
495 4164
201 4155
597 4387
663 4262
247 4138
1 4399
267 4192
544 4120
763 4301
257 4301
468 4331
117 4200
505 4010
266 4370
93 4342
59 4091
401 4221
420 4188
282 4060
216 4251
135 4105
758 4256
481 4230
569 4309
579 4324
688 4098
493 4023
77 4058
564 4297
129 4336
92 4049
616 4286
8 4005
225 4184
273 4093
161 4396
278 4346
8 4076
627 4055
84 4288
213 4239
341 4197
204 4175
353 4107
770 4029
72 4190
619 4298
458 4354
413 4052
168 4117
611 4191
505 4191
716 4100
62 4029
201 4106
664 4239
472 4245
376 4046
314 4316
87 4274
491 4191
295 4355
659 4297
650 4063
536 4226
481 4011
375 4136
360 4301
179 4336
576 4330
172 4263
493 4315
756 4206
65 4117
638 4149
56 4329
152 4166
678 4345
667 4070
718 4316
288 4088
181 4148
86 4291
598 4094
721 4212
790 4218
452 4087
379 4108
754 4242
601 4129
737 4194
333 4006
305 4395
589 4390
108 4282
159 4354
638 4189
330 4390
7 4293
459 4042
654 4155
360 4118
24 4049
202 4073
314 4106
486 4092
75 4044
92 4178
189 4149
772 4275
654 4076
134 4057
378 4345
41 4059
339 4328
751 4152
147 4314
191 4374
49 4365
770 4044
339 4109
209 4268
291 4106
271 4021
101 4060
724 4136
616 4340
233 4105
90 4101
379 4057
161 4323
778 4034
328 4235
769 4050
790 4163
459 4283
358 4227
707 4106
466 4132
172 4215
496 4120
323 4332
514 4075
50 4282
681 4024
487 4344
154 4255
676 4302
244 4325
631 4097
688 4316
77 4095
90 4293
67 4205
287 4051
637 4239
455 4018
762 4041
709 4360
8 4339
749 4250
724 4098
678 4274
549 4373
672 4288
362 4284
423 4207
496 4016
376 4138
120 4223
115 4270
329 4247
146 4305
386 4325
633 4115
594 4270
15 4340
268 4349
364 4342
597 4334
243 4053
160 4172
450 4164
124 4022
551 4154
620 4198
85 4109
119 4261
728 4157
449 4169
230 4245
666 4065
758 4349
342 4083
117 4003
156 4275
278 4379
611 4199
329 4196
698 4024
272 4093
230 4028
142 4233
241 4338
353 4047
97 4141
146 4260
743 4021
779 4093
153 4202
616 4176
291 4154
656 4186
377 4165
198 4086
720 4303
187 4172
334 4055
134 4281
158 4005
631 4110
648 4265
72 4219
513 4305
341 4285
191 4299
782 4357
368 4204
650 4123
76 4352
798 4131
359 4180
335 4031
459 4015
484 4341
70 4296
191 4274
576 4084
270 4255
592 4287
125 4163
527 4381
110 4090
717 4353
652 4197
66 4062
380 4273
552 4237
276 4108
487 4030
625 4245
241 4241
324 4164
336 4327
76 4250
700 4005
106 4266
49 4314
401 4296
768 4241
413 4048
197 4153
101 4330
666 4002
500 4237
713 4170
628 4370
231 4282
44 4395
96 4011
172 4163
653 4268
485 4087
525 4280
63 4006
83 4004
709 4309
60 4199
260 4101
196 4301
148 4009
282 4333
438 4003
304 4089
319 4351
375 4101
339 4162
299 4220
182 4084
43 4016
479 4396
557 4385
206 4170
367 4160
127 4027
112 4164
191 4280
384 4093
542 4177
21 4007
678 4136
575 4224
203 4064
319 4045
676 4344
468 4378
505 4290
181 4162
93 4026
742 4222
350 4195
709 4224
283 4067
228 4019
501 4034
572 4315
41 4223
479 4387
700 4260
527 4327
440 4347
782 4142
407 4353
85 4349
253 4154
393 4152
682 4005
650 4217
176 4049
206 4262
483 4032
718 4063
783 4075
319 4149
334 4087
68 4321
633 4070
386 4004
254 4064
756 4298
788 4004
544 4037
683 4266
297 4119
775 4331
359 4064
527 4339
116 4105
736 4117
743 4127
520 4095
455 4117
240 4080
760 4243
761 4312
186 4099
426 4079
467 4318
520 4265
777 4002
712 4247
373 4279
417 4129
20 4162
358 4004
448 4121
146 4246
62 4377
4 4178
569 4132
109 4096
399 4239
520 4115
650 4059
170 4202
50 4081
506 4127
321 4356
642 4196
88 4162
230 4384
112 4187
309 4276
435 4197
158 4290
555 4191
229 4064
379 4181
182 4009
430 4004
280 4389
108 4238
70 4395
756 4159
666 4308
6 4065
491 4065
64 4365
377 4303
12 4179
358 4202
216 4028
519 4272
550 4222
475 4184
325 4288
443 4115
544 4191
403 4001
213 4272
560 4007
328 4070
635 4256
249 4214
293 4321
403 4394
419 4033
327 4371
188 4089
664 4194
159 4393
472 4200
187 4347
244 4029
202 4027
43 4334
301 4055
773 4346
382 4388
289 4384
642 4306
79 4113
477 4160
479 4267
683 4162
506 4137
716 4114
688 4245
415 4230
465 4175
146 4049
448 4035
441 4219
324 4166
509 4021
97 4305
247 4104
680 4081
29 4254
682 4285
92 4116
658 4186
584 4125
403 4317
175 4154
63 4095
180 4201
443 4085
507 4380
367 4336
384 4012
194 4065
109 4381
773 4210
395 4115
527 4146
249 4117
137 4223
91 4162
203 4328
85 4321
391 4115
600 4381
323 4317
763 4097
749 4400
366 4112
555 4138
299 4344
432 4284
751 4040
86 4255
519 4351
328 4222
526 4055
414 4080
502 4179
367 4340
293 4116
674 4147
386 4306
486 4208
368 4233
131 4051
698 4178
624 4022
463 4052
679 4207
17 4042
341 4336
232 4198
86 4123
797 4182
609 4106
707 4295
255 4110
56 4056
290 4342
397 4048
532 4147
226 4145
749 4377
790 4335
778 4217
125 4092
58 4349
179 4246
346 4099
207 4036
35 4221
412 4397
546 4200
228 4105
41 4092
750 4060
773 4259
42 4192
208 4046
714 4001
135 4148
403 4319
158 4316
788 4048
306 4398
183 4021
95 4261
565 4366
339 4023
431 4127
419 4312
314 4197
126 4107
251 4132
799 4155
339 4195
486 4121
316 4251
616 4231
277 4347
390 4132
379 4095
636 4105
89 4210
347 4276
800 4370
665 4162
634 4019
39 4131
60 4135
387 4200
731 4348
15 4144
640 4054
546 4388
222 4015
510 4335
323 4396
705 4306
622 4226
224 4343
448 4393
657 4276
278 4111
648 4386
86 4240
100 4255
7 4229
554 4241
518 4218
787 4284
183 4053
354 4358
88 4371
248 4248
796 4277
715 4391
759 4204
468 4117
405 4320
233 4354
752 4103
171 4086
514 4324
288 4291
375 4366
515 4055
582 4355
698 4304
482 4317
712 4323
204 4051
740 4046
588 4019
75 4220
32 4191
626 4329
755 4357
158 4071
785 4259
343 4128
538 4139
570 4205
566 4179
430 4166
424 4001
473 4155
390 4101
308 4146
103 4199
348 4194
766 4290
75 4032
103 4145
422 4152
447 4314
536 4302
344 4056
192 4341
301 4109
422 4288
307 4375
275 4007
625 4306
769 4188
178 4319
529 4015
504 4388
508 4399
371 4355
556 4210
82 4063
428 4118
601 4077
317 4040
83 4056
426 4134
394 4199
158 4112
406 4370
597 4020
658 4195
752 4059
469 4074
269 4189
447 4356
119 4396
530 4380
697 4336
260 4242
217 4318
594 4396
579 4255
726 4346
98 4270
348 4366
374 4178
530 4092
323 4109
638 4270
487 4244
724 4123
398 4032
456 4297
137 4100
545 4240
60 4223
207 4097
599 4020
351 4167
136 4089
364 4221
238 4382
56 4049
209 4318
315 4295
336 4362
570 4048
187 4372
348 4140
323 4105
89 4030
750 4211
757 4224
719 4222
588 4023
374 4377
653 4295
4 4239
172 4218
546 4375
627 4157
210 4360
792 4364
5 4177
149 4367
78 4072
564 4356
120 4002
329 4368
724 4003
101 4288
53 4309
104 4341
672 4078
119 4399
765 4301
558 4297
147 4374
439 4118
340 4143
732 4361
212 4137
249 4171
768 4291
406 4281
44 4091
724 4380
142 4103
101 4238
521 4211
448 4265
236 4395
149 4082
605 4028
735 4166
144 4038
88 4035
380 4292
497 4138
559 4207
322 4180
193 4272
766 4163
711 4309
715 4298
585 4374
17 4271
86 4152
432 4208
22 4129
407 4212
737 4061
434 4260
654 4145
4 4234
